0.0    0.0
2.0e-5    -0.0
4.0e-5    -0.0
6.0e-5    -0.0
8.0e-5    -0.0
1.0e-4    -0.0
1.1111111e-4    0.6427876096865313
1.3111111e-4    0.6427876096865308
1.511111e-4    0.6427876096865305
1.7111111e-4    0.64278760968653
1.9111112e-4    0.6427876096865297
2.1111111e-4    0.6427876096865294
2.2222222e-4    0.0
2.4222222e-4    0.0
2.6222222e-4    0.0
2.8222223e-4    0.0
3.022222e-4    0.0
3.2222221e-4    0.0
3.3333333e-4    0.8660254037844475
3.5333334e-4    0.8660254037844548
3.7333334e-4    0.8660254037844479
3.9333332e-4    0.8660254037844552
4.1333333e-4    0.8660254037844485
4.3333333e-4    0.8660254037844416
4.4444445e-4    0.0
4.6444446e-4    0.0
4.8444443e-4    0.0
5.0444447e-4    0.0
5.2444445e-4    0.0
5.444444e-4    0.0
5.5555557e-4    -0.3420201433256589
5.7555555e-4    -0.34202014332561836
5.955556e-4    -0.34202014332563124
6.1555556e-4    -0.3420201433256442
6.3555554e-4    -0.34202014332560365
6.555556e-4    -0.34202014332561653
6.6666666e-4    -0.0
6.866667e-4    -0.0
7.066667e-4    -0.0
7.2666665e-4    -0.0
7.466667e-4    -0.0
7.6666666e-4    -0.0
7.7777775e-4    -0.9848077530122185
7.977778e-4    -0.9848077530122161
8.1777776e-4    -0.9848077530122137
8.377778e-4    -0.9848077530122212
8.577778e-4    -0.984807753012209
8.7777775e-4    -0.9848077530122165
8.888889e-4    -0.0
9.088889e-4    -0.0
9.288889e-4    -0.0
9.488889e-4    -0.0
9.6888887e-4    -0.0
9.888889e-4    -0.0
1.0e-3    -0.0
1.02e-3    -0.0
1.04e-3    -0.0
1.06e-3    -0.0
1.08e-3    -0.0
1.1e-3    -0.0
1.1111111e-3    0.6427876096865233
1.131111e-3    0.6427876096864903
1.1511111e-3    0.6427876096864572
1.1711111e-3    0.6427876096865113
1.1911112e-3    0.6427876096864782
1.2111111e-3    0.6427876096864452
1.2222222e-3    0.0
1.2422223e-3    0.0
1.2622222e-3    0.0
1.2822222e-3    0.0
1.3022223e-3    0.0
1.3222222e-3    0.0
1.3333333e-3    0.8660254037844739
1.3533334e-3    0.8660254037844954
1.3733334e-3    0.8660254037844602
1.3933333e-3    0.8660254037844817
1.4133333e-3    0.8660254037845033
1.4333334e-3    0.866025403784468
1.4444444e-3    0.0
1.4644444e-3    0.0
1.4844445e-3    0.0
1.5044444e-3    0.0
1.5244444e-3    0.0
1.5444445e-3    0.0
1.5555555e-3    -0.3420201433255558
1.5755555e-3    -0.3420201433255152
1.5955556e-3    -0.34202014332558156
1.6155556e-3    -0.34202014332554104
1.6355555e-3    -0.3420201433256074
1.6555556e-3    -0.34202014332556685
1.6666667e-3    -0.0
1.6866666e-3    -0.0
1.7066667e-3    -0.0
1.7266667e-3    -0.0
1.7466666e-3    -0.0
1.7666667e-3    -0.0
1.7777778e-3    -0.0
1.7977778e-3    -0.0
1.8177778e-3    -0.0
1.8377778e-3    -0.0
1.8577778e-3    -0.0
1.8777777e-3    -0.0
1.8888889e-3    -0.6427876096866014
1.9088889e-3    -0.6427876096866344
1.9288888e-3    -0.6427876096866675
1.9488889e-3    -0.6427876096867005
1.9688888e-3    -0.6427876096865593
1.988889e-3    -0.6427876096865923
2.0e-3    -0.0
2.02e-3    -0.0
2.04e-3    -0.0
2.06e-3    -0.0
2.08e-3    -0.0
2.1e-3    -0.0
2.111111e-3    0.6427876096864393
2.1311112e-3    0.6427876096864062
2.1511111e-3    0.6427876096863732
2.171111e-3    0.6427876096863401
2.1911112e-3    0.6427876096864813
2.2111111e-3    0.6427876096864482
2.2222223e-3    0.0
2.2422222e-3    0.0
2.262222e-3    0.0
2.2822223e-3    0.0
2.3022222e-3    0.0
2.322222e-3    0.0
2.3333333e-3    0.8660254037845289
2.3533334e-3    0.8660254037845504
2.3733333e-3    0.8660254037845719
2.3933332e-3    0.8660254037844798
2.4133334e-3    0.8660254037845013
2.4333333e-3    0.866025403784523
2.4444445e-3    0.0
2.4644444e-3    0.0
2.4844445e-3    0.0
2.5044444e-3    0.0
2.5244444e-3    0.0
2.5444445e-3    0.0
2.5555557e-3    -0.34202014332545266
2.5755556e-3    -0.34202014332541214
2.5955555e-3    -0.3420201433255853
2.6155557e-3    -0.3420201433255447
2.6355556e-3    -0.3420201433255042
2.6555555e-3    -0.3420201433254637
2.6666666e-3    -0.8660254037843681
2.6866666e-3    -0.8660254037843466
2.7066667e-3    -0.866025403784325
2.7266666e-3    -0.8660254037843034
2.7466668e-3    -0.8660254037843955
2.7666667e-3    -0.866025403784374
2.7777778e-3    -0.9848077530122566
2.7977778e-3    -0.9848077530122247
2.8177777e-3    -0.9848077530122321
2.8377778e-3    -0.9848077530122396
2.8577778e-3    -0.9848077530122471
2.8777777e-3    -0.9848077530122545
2.8888888e-3    -0.6427876096866855
2.908889e-3    -0.6427876096867186
2.928889e-3    -0.6427876096867515
2.9488888e-3    -0.6427876096866104
2.968889e-3    -0.6427876096866434
2.9888889e-3    -0.6427876096866765
3.0e-3    -5.09502586896226e-13
3.02e-3    -7.251147012225507e-13
3.04e-3    -9.407268155488754e-13
3.06e-3    -1.1563389298752003e-12
3.08e-3    -1.3719510442015251e-12
3.1e-3    -1.5875631585278498e-12
3.111111e-3    0.0
3.1311112e-3    0.0
3.151111e-3    0.0
3.1711112e-3    0.0
3.1911111e-3    0.0
3.211111e-3    0.0
3.2222222e-3    4.924038765060908
3.2422221e-3    4.924038765060871
3.2622223e-3    4.924038765061031
3.2822222e-3    4.924038765060994
3.3022221e-3    4.924038765060956
3.3222223e-3    4.924038765060919
3.3333334e-3    0.0
3.3533333e-3    0.0
3.3733333e-3    0.0
3.3933334e-3    0.0
3.4133333e-3    0.0
3.4333332e-3    0.0
3.4444444e-3    1.710100716629289
3.4644445e-3    1.710100716629492
3.4844445e-3    1.7101007166296944
3.5044444e-3    1.7101007166298967
3.5244445e-3    1.7101007166300994
3.5444445e-3    1.710100716630302
3.5555556e-3    -0.0
3.5755555e-3    -0.0
3.5955557e-3    -0.0
3.6155556e-3    -0.0
3.6355555e-3    -0.0
3.6555557e-3    -0.0
3.6666666e-3    -0.0
3.6866667e-3    -0.0
3.7066666e-3    -0.0
3.7266666e-3    -0.0
3.7466667e-3    -0.0
3.7666666e-3    -0.0
3.7777778e-3    -4.924038765061181
3.7977777e-3    -4.924038765061218
3.8177778e-3    -4.9240387650612565
3.8377778e-3    -4.924038765061293
3.8577777e-3    -4.924038765061331
3.8777778e-3    -4.924038765061368
3.888889e-3    -0.0
3.908889e-3    -0.0
3.928889e-3    -0.0
3.9488887e-3    -0.0
3.968889e-3    -0.0
3.988889e-3    -0.0
4.0e-3    -4.3903225709663636e-13
4.02e-3    -4.821546799619013e-13
4.04e-3    -7.052975194070213e-14
4.06e-3    -1.1365217480596708e-13
4.08e-3    -1.5677459767123202e-13
4.1e-3    -1.99897020536497e-13
4.111111e-3    0.0
4.1311113e-3    0.0
4.151111e-3    0.0
4.171111e-3    0.0
4.1911113e-3    0.0
4.211111e-3    0.0
4.222222e-3    0.9848077530121627
4.2422223e-3    0.9848077530121552
4.2622224e-3    0.9848077530121477
4.282222e-3    0.9848077530121402
4.3022223e-3    0.9848077530121327
4.3222224e-3    0.9848077530121252
4.333333e-3    0.0
4.3533333e-3    0.0
4.3733334e-3    0.0
4.393333e-3    0.0
4.4133333e-3    0.0
4.4333334e-3    0.0
4.4444446e-3    0.34202014332574726
4.4644442e-3    0.3420201433257878
4.4844444e-3    0.3420201433258283
4.5044445e-3    0.3420201433258689
4.524444e-3    0.3420201433259094
4.5444444e-3    0.3420201433259499
4.5555555e-3    -0.34202014332546
4.5755557e-3    -0.34202014332541947
4.5955554e-3    -0.342020143325379
4.6155555e-3    -0.3420201433253385
4.6355557e-3    -0.34202014332529795
4.6555554e-3    -0.34202014332525743
4.6666665e-3    -0.8660254037842583
4.6866667e-3    -0.8660254037842368
4.706667e-3    -0.8660254037842152
4.7266665e-3    -0.8660254037841937
4.7466666e-3    -0.8660254037841721
4.766667e-3    -0.8660254037843779
4.777778e-3    -0.0
4.7977776e-3    -0.0
4.817778e-3    -0.0
4.837778e-3    -0.0
4.8577776e-3    -0.0
4.877778e-3    -0.0
4.888889e-3    -0.6427876096866795
4.908889e-3    -0.6427876096867124
4.9288888e-3    -0.6427876096867455
4.948889e-3    -0.6427876096867785
4.968889e-3    -0.6427876096868115
4.9888887e-3    -0.6427876096868447
5.0e-3    -3.2141664592756335e-13
5.02e-3    -3.645390687928283e-13
5.04e-3    -4.0766149165809326e-13
5.06e-3    -4.507839145233582e-13
5.08e-3    -4.939063373886232e-13
5.1e-3    -5.370287602538882e-13
5.1111113e-3    0.0
5.131111e-3    0.0
5.151111e-3    0.0
5.1711113e-3    0.0
5.191111e-3    0.0
5.211111e-3    0.0
5.2222223e-3    0.9848077530121832
5.2422225e-3    0.9848077530121756
5.262222e-3    0.9848077530121682
5.2822223e-3    0.9848077530121606
5.3022224e-3    0.9848077530121532
5.322222e-3    0.9848077530121456
5.3333333e-3    0.0
5.3533334e-3    0.0
5.373333e-3    0.0
5.3933333e-3    0.0
5.4133334e-3    0.0
5.433333e-3    0.0
5.4444443e-3    0.34202014332606406
5.4644444e-3    0.3420201433261046
5.4844446e-3    0.3420201433261451
5.5044442e-3    0.34202014332618563
5.5244444e-3    0.3420201433262262
5.5444445e-3    0.3420201433258394
5.5555557e-3    -0.34202014332514324
5.5755554e-3    -0.34202014332510267
5.5955555e-3    -0.34202014332548947
5.6155557e-3    -0.342020143325449
5.6355554e-3    -0.3420201433254085
5.6555555e-3    -0.34202014332536795
5.6666667e-3    -0.8660254037843171
5.686667e-3    -0.8660254037842956
5.7066665e-3    -0.8660254037842741
5.7266667e-3    -0.8660254037842524
5.746667e-3    -0.8660254037842309
5.7666665e-3    -0.8660254037842093
5.7777776e-3    -0.9848077530122743
5.797778e-3    -0.9848077530122819
5.817778e-3    -0.9848077530122893
5.8377776e-3    -0.9848077530122967
5.857778e-3    -0.9848077530123043
5.877778e-3    -0.9848077530123117
5.888889e-3    -0.0
5.9088888e-3    -0.0
5.928889e-3    -0.0
5.948889e-3    -0.0
5.9688888e-3    -0.0
5.988889e-3    -0.0
